スライム 1 20 20 1 0 0 1 90
ゴブリン 1 15 15 2 1 0 1 100
ブルーラビット 1 10 10 2 2 3 2 110
ネズミ 1 12 12 1 0 0 1 80
コウモリ 1 14 14 2 1 2 2 120
スケルトン 2 30 30 5 3 2 5 210
ミミック 2 50 50 2 3 10 5 230
ファイアエレメント 2 35 35 4 3 30 7 250
ゾンビ 2 45 45 4 2 0 5 200
ジャイアントアリ 2 38 38 5 4 5 6 260
ダークエルフ 3 70 70 13 5 20 13 350
ワイバーン 3 80 80 10 8 18 14 370
リザードマン 3 52 52 17 9 4 14 390
オーガ 3 90 90 15 6 10 13 330
ハーピー 3 60 60 12 7 15 14 410
ゴブリンキング 4 130 130 27 17 16 21 480
死霊術師クロード 4 94 94 36 9 100 33 520
エンドレスドラゴン 4 110 110 32 22 30 34 550
デスナイト 4 120 120 31 20 20 28 460
キメラ 4 105 105 34 14 25 30 500
魔王ララランダム 5 150 150 42 34 55 50 1400
墜落した転生勇者カイル 5 180 180 38 30 50 50 1300
虚無の王ヴォイド 5 165 165 40 32 52 50 1500
作成者クレアニキ二ダ 777 500 500 97 54 350 100 3000